3266582220
9391391291
7117427155
4801230459
5013176199
6421615942
8204853449
7872058587
7514950847
7541792271
1897717321
6189421476
2752383507
9702549883
1622437152
3109483491
4371454028
8463411804
7952537245
9963951266
1288508032
8581895880
2582389795
4692523352
3124361067
3531026655
6630449228
8541780380
0779499321
4933004044
1247902689
0692385058
0955094257
2420907045
3232324958
9060979580
5199226729
1132388204
3404952300
4177359873
1907688844
0599720118
7178784593
0405340766
9164463684
5296513166
4940514997
0160614041
2276381620
8743764587
7925632384
1854591390
5686455723
0339156029
7281056053
2369570346
6508031366
7245360390
6895918874
0300129713
8398341051
5686171170
4562200326
6852423875
1987213649
8185681705
4291811564
2302832922
3487288216
9644791459
3142964896
9753563265
0225566929
2502723793
8975161550
8033138602
2111141570
3854739574
6022188435
6671552647
1711612113
8952857791
4287491161
6302313588
6605875846
6494539798
2820621862
8344607015
4708568126
0949374192
0414744031
2243965063
3481818725
2147820867
9234558461
8927594289
2737364241
7699419144
5209429538
5671046386
0732208906
8698778098
2431217883
3520663950
3111186532
4179272601
3130710232
2900587998
0437262372
7653808818
6345892120
6036743909
8009304077
1100227061
7920119511
9296967275
1841614950
1261786662
1273024407
5245567855
1279975307
7566310765
0327909341
8182054545
8234880299
5175841495
6855833483
8098097638
9203220208
3815160928
3339811115
6782237341
2524061333
2976504123
9344497727
5197470991
4810171379
8208067130
2268339991
9516493904
2355723596
8897856113
8394007541
9507662917
6202227866
0455914648
3142889181
8753282163
8803696178
8964724682
8652773603
4489895690
6955506989
3838438452
1212646340
2871713220
5236325084
4084031399
8084880440
5346463347
3507328020
1257811863
1054428040
8380340089
6979188725
8166588536
5419100013
2102967416
9746648261
2424004484
5366535614
9569041193
4201357910
4422294635
3529633637
7680843844
0207607068
7346068168
4370729968
9454754430
1518431906
2799445356
8618426935
0715031397
8549283112
5484803620
6478449391
0601759467
1823918232
1225112177
8823780119
1112770365
6917350100
9582256292
0252928953
4903288768
1793353838
4970046892
0761643712
7191277272
0946858161
4262420120
6992632918
4982661548
0396727496
8034049393
2796512274
5916185773
1515650514
9749513522
9772569898
3298365487
7208789982
7579305757
7107473274
6298653878
8782307073
2669291614
2659958540
3257147255
1097041671
1204495955
5640218512
4047461249
5869777276
1711608504
6408715112
8932256603
8036916715
5611659616
6432944762
3296681620
7633915661
9998580699
4340718943
6494797069
4812421099
9325541186
1965080068
1928159645
4916592087
3501247618
0899255733
3206232998
0079595839
5617147835
3414009639
5687543659
5179557745
4349098696
4004667312
3894772034
8065025250
4640729152
5440601974
7889757850
7229875271
3286060716
7571535464
5579921795
0921526783
8525047133
3189629575
4821340456
9167606814
4844486175
9066598597
5459491675
5212400978
2094917471
9818393796
5517056300
9905316109
5192649291
5529068147
4625134753
2971662548
0778340509
8419661277
2600365977
0349839472
4479526418
1770759985
8934501970
0088866123
3928655011
5383508422
1006749896
5899545297
6899597330
0474343250
0244062078
1449451712
4177459181
6297126355
9362457625
2980797141
4083424332
0368942365
6433796662
2653279795
4826780031
1374802982
2622873385
6549408069
2511289907
9222479599
5501904118
3680407628
0003670376
9493181924
1486378874
4198859650
1834150351
0898429034
6535094909
8814598039
5845650144
6168834881
0102950306
4915096702
8262452365
6790929819
5042059015
7184986308
8091690913
3660461274
1985644005
8726623192
9737524571
9040107809
7326563155
6025177625
2920508913
6953345481
6432978318
7772977435
4189481237
4157649596
1275957552
5912451705
4623553832
3433783537
0158363193
0541956624
0017533850
1684784212
8851061775
3246217979
9106041107
8849792628
6836335605
5069030185
4350477308
8808525981
3083658004
4185705104
9899961998
2008416290
7356941158
8785587261
4430784108
1855289414
6924151945
5878719606
9410983167
2481715522
1605147374
2792264801
2525497017
2148252018
7871936229
6670894113
1821861149
8836440226
7139872414
3977301465
9078704282
3404306066
8393256928
9989563670
8847946204
8836265518
5217096671
7744417756
9621715564
5474316995
9766604210
3099514103
3696075547
4500643065
7827187819
8218120831
3258310912
1020890073
0841224524
3190183660
6601278539
8028211519
4729645821
2961622648
2292993280
7785826622
7524316469
8350740648
6883748631
1780900811
7212829268
3407500238
0851954031
7482528340
4716254355
3584989379
7255999303
2015682067
5450845263
0296219686
3769779560
7564425682
7291814314
4075028551
8269240482
7399280233
2443280246
1691696013
9550878084
6912108506
9782764222
9662789716
1943800136
1818963730
5672499482
8143537579
8783238310
2551109234
3964160975
9376354366
7718418922
3634510617
7193452390
2265007561
1271702935
3312797505
6363631663
5600112088
6330084188
5503369891
0545803328
1057758073
3454903823
8372749092
5741857127
4445574832
0824264273
5286797216
0776383841
9972047680
9142771760
9476388146
6588215939
1079875583
2917979893
3135769131
5111028320
6438272422
8962777853
8257358589
6702137354
8991891258
2527702999
7626638505
1187766486
8599780896
0898768177
4685450582
7902201470
3756709511
2350699098
5734086606
3859685964
6183591381
7703531703
1703553716
7340403353
9291350459
6228004403
4309904032
3856814035
0084060814
0318352460
4074494031
0800059189
7713586657
4913361712
3365786871
1256657958
4321800475
0743359532
1915130944
1796539715
4547664393
9941070457
4198343061
7218225410
5697902283
7650323546
3302731237
9866359533
6878142278
7579474512
8102504389
3176917742
9951229605
0960968480
2759226711
9011729176
6193195412
0971745810
6800446881
2787622180
1147492429
1016326771
4092954193
2306645024
9935364536
7161354082
7459272071
0669765842
8319720891
5669922928
4014004122
7497793931
3319565937
7302506516
6392646343
5249969924
3934717146
7447768762
6459641558
7066321593
1291044508
5902832193
3659309571
7623322760
5638599347
1119387174
8769077684
6354964195
3102727030
7915789050
2360125298
1851184507
9964026296
6057020105
0799640371
8227854759
5150882414
5642701774
0659405080
1253595038
0649898649
7954675485
2993847242
8724227303
6304385985
3322401241
7317399610
3548756737
6012614944
2981205521
2949652323
4688376208
1936382052
6546231495
2969805483
8097792658
4710828769
3683997127
8973609364
9665640836
0925567667
0099869943
0508402410
1503323435
7076660609
7350923749
7888946977
9757668898
8375364389
0488897559
0894703273
4744960685
5482226226
1720699023
3572125217
0537671890
8752761142
3412177272
6844323663
0016783192
3093333076
8321241777
4091991705
8066201309
6352062643
5896252259
8746270983
5551188474
9478848900
0046835617
1067740609
4126369423
6623305202
9929816040
6663088336
7855173095
2267534654
3893787205
7646387453
6726327005
1832244985
3792323660
3550569802
7202753290
9216328572
7331069421
8691083575
2563588648
0285416464
7228869851
0283611173
9825637300
4469560143
7559981705
3771734324
6307259133
6316552152
9001081218
0900371808
3418139558
2358996838
1484327133
4601724225
5492835810
8379712764
9466626636
6209894291
7770677230
1583951377
9512218165
2350696299
7157518497
0363616393
0022137979
9368824091
1931954306
1590504950
1360814952
4103979932
9803215082
7620093433
7309584451
0224410667
8529693199
4123798089
8970111544
3700009296
5071444370
4162966370
4169000027
9951368385
6213646613
3453219590
6435909194
8749205676
8243021075
6885041557
8525264798
7858340358
9178435431
6103337200
3253286537
8067849561
8134256050
4410612048
0582631629
1188461477
4408637439
6645021467
3496384249
3967707972
6104419008
3171392975
9226902902
5615542920
3867546798
3770363030
4740060534
1694981635
4850160483
9748974147
4388897734
5101232333
6467433586
8281189467
9530081601
2275345505
1690160678
9474867524
4060897902
5258287597
2738844890
2951595203
5819213163
0753025542
1378225193
8736604361
2735824841
0956714093
7280587028
5836248745
0633039913
3628153535
1967303443
2632298510
8687998584
4343725632
3984146147
0952693308
8078362496
7835969705
3563694184
6041005909
6363464713
6723542119
8909039971
3294490817
2349566737
2179739149
1756684279
5569657368
4627966577
3368148718
1918574415
4288051850
7058781251
5720867810
3706532602
7458650630
2518836768
5239772039
8992933936
9873835884
1831314163
1884928101
3391881424
1947781726
6083186293
5404123195
9838719645
7750174517
5210877229
7263657094
6547085017
0569565032
9655576585
8469551610
6999531166
9673115019
7109609651
4270988101
0017641444
5075908477
3701500077
9626132177
8347986642
4391861971
1361530547
2123707319
0818521195
7833518286
7919711011
8272060991
2224274716
1579406626
5344215612
0294752072
4196939551
9034228008
3563161188
4243051940
9919876816
9293185852
8449165983
4031460976
6219815264
4033928531
5167529029
7904527513
1565988454
5663988101
0273958879
0214851632
6967155844
9354877935
6399748965
4892446715
6553929902
4197550075
1924360552
7643904327
8398786696
3235138887
5892440558
6661730358
1124036732
2596666181
5749109015
9337296384
0527174818
2919366673
6805800218
5793261186
8949637840
7664338967
9068096830
6212187020
1010162006
0733438519
4117494734
3378860570
4372343855
1132588904
5426692516
8144101530
1705808920
6136159560
3786285131
5246723606
3802469721
3722424277
5623893053
6261497822
7527365558
1332673220
8343382654
5382377626
6629542984
8074389274
8313737614
2887737922
6747146667
3182077447
2385645061
7226694168
4542649263
4627918484
7671268632
2284296941
5678424774
3828645548
9736413619
5766367949
1922944196
5125877380
5925347379
4500835232
1047613874
8454241843
3302445723
3606548411
0131219463
6999461414
4489503704
3244273476
8902282549
1711658803
6341663899
5094023826
8705984439
6545361572
5086807086
3472143388
6553574833
2462585339
6024673895
4139310850
8020248087
6913886245
7419189569
0170274369
4040435926
5618731728
7943874583
4585209252
1205913902
6259719768
3831856605
1244602222
0113919391
1855261302
8505995059
4921307519
2023296444
0107154747
0230625064
3852764124
2043279422
9547543557
6232145238
8210031470
2347884756
2154449278
3840080942
1259040206
9018333233
0544355370
1279559234
7566169823
6547876194
4833739471
0329835814
1655707902
0631653798
3057097272
0115427402
0051679456
4276755495
1614489245
3255322052
2848138684
2016560984
9794484526
5578197215
7546725419
3605812656
2304607845
3023766187
1637752575
4763354659
9580397912
8771287737
9500953056
7932378065
7216837964
5353443000
2976653086
0242213276
7832087571
4489467581
8065892758
8015607648
2067222329
3076948329
3116018885
9902760634
2906384742
4309294652
2448894880
5022041201
7236635272
5234784917
5678920745
6768982153
6219374877
0721845239
2748857771
4174635092
2875347889
5558941490
3148166142
0171037361
8809624441
3589584801
5255612278
2535745562
0720475090
1378727950
6014540490
4314610171
3281714835
9327069488
2613197486
6131489278
3752560874
1145257079
8709323018
8211328361
6057778846
3508383239
6470525917
7039978775
0322114327
5508681326
9449492017
7927653377
6331465061
4468589091
0521486138
3952146437
6564431352
0299146609
7828567743
8098334085
7366520688
1731636700
9262007627
3425053397
9752170208
2832519790
6769743339
4043960827
2771542460
6636437979
8244101794
0406100701
2397445252
4276756190
4529105782
3510284357
4488614374
1596272211
4464068001
4516076114
7556979395
8315695303
3664068559
4192140066
5947315022
9660932294
4586477112
3667048359
2596493464
9882348506
8626039153
2591019978
1578825067
5510561208
5024367492
0793821129
6047066253
3065959867
8002396150
3635921799
5895029095
4462204908
0568375303
6665894920
0877343408
0801599273
2466951569
9530764022
8237670744
5557065086
8500523885
6040107143
7743236586
7389994354
6346851431
6959929954
6578043035
1705780728
1859027766
8101797373
9241812492
0662383723
7560803073
2356679910
3741771911
3734955444
5681281626
6651115919
1694574903
9806395882
4960340562
2789330174
4413875283
5272787199
7325481379
5508378428
7509534828
1370069984
5927758956
6574386047
9247339431
3037406021
0448815035
1698426869
3767470194
8779547848
1918273100
3608104885
0010209458
8645768516
6888688339
0692767913
2135811757
3582898782
8952423945
7432583518
5104264451
3666441787
7178044147
4695849816
8709957982
3543442839
2312023988
1029298182
3797919648
1031805236
8627201429
1052921315
3007592955
2760977680
6231618348
8205259714
8493752106
8632107166
8207089026
1465677279
1618106840
0314153292
0800534044
3059786520
4387840874
0930169905
0726476492
1257812435
9247602854
9294282929
0787060557
8495723757
0380127498
7107214432
7930789791
1051106525
8861267329
7065706885
7550398999
2747171123
6223978277
3097868038
7763256295
4228300893
8176225743
0354021448
1676692522
4727409848
9291277200
5365052525
8157486384
2807245983
2569882179
4305926813
3368548110
6304603208
1116714653
9031437824
3549131824
6789351208
2036609854
0213750661
6196620262
7377497218
3314377294
7401146928
6896702320
7291466749
4656819048
2169845014
6832404532
1047346064
8631429335
3835069075
1914295037
7186710090
0441019332
9861482075
5353258185
2166568972
6042006213
3300416598
9402049526
3466465501
8448648118
1902309458
5056937550
9459917478
6736226010
2581108892
6806659838
9407419530
8651312898
0132812387
6817344816
0633287763
5144443502
2506463718
8489195582
0294758581
6465964673
8601417754
2993493868
0633950968
9880809377
0226947721
4719551404
3799559305
8595094325
0784672447
1239015127
4135976414
4296271035
8099709054
0062011668
4750842766
8293199126
7922403779
8639475022
2732221329
2781672714
8176766939
2998370834
1720841810
3272762065
3425390221
0539018543
5314653410
6647280431
6876416020
3004267915
6296116677
6153124778
5690829225
5757527495
9376076241
2917208170
4563913884
1077317782
8138330143
2756646786
8723620216
9078502547
7825021522
6374640851
3351094632
4377338733
9680683883
3594418322
4930773753
7651568952
3953306874
4412910661
5142512087
6787549717
5462440510
1173992824
8045907817
9101110409
8277379031
0298462206
7968021891
4626247894
9730939546
6166872754
4219094472
3871710043
3628713406
7606355321
1876235947
7443542774
8992952141
3371754034
7259076404
7276716414
7795318519
6824137295
8946997069
0936796280
9212565451
2720136721
7351852398
0210276606
1890519574
2319874566
7002333003
5647962436
9820074522
5612599817
3637074388
7539980917
5772969082
2443488247
2028598667
1828329407
3285398608
1714479755
0535317617
2409210738
5752157259
2903803317
3254084725
9123149416
0379768053
1678071765
5488862727
1501355090
1604813117
3357176369
3007835741
5708210830
2946128056
7828023599
1179805982
5838032043
5650269193
9038073128
3458222366
6904950829
4045820787
8420882610
1128051327
4671301212
2629725783
3589329834
5846930215
5446048365
7403568052
5483801640
9552202723
2846650798
3986350827
9378256909
7664459658
2184082597
4504154185
9797896896
6376112819
7042586232
2053619434
3334565698
2858055606
3435366966
2927178498
4137814620
5360030444
0848633283
6139548335
3951359045
2919969508
8975278679
0042655484
7043590910
6782330112
1535685545
8288673287
9455698369
7724962099
7309641017
6592624029
1377275632
8120436301
8883404711
0552637578
8385745376
7971004761
6402609107
2035305792
6543480198
1706948921
6740727382
8857579519
0737168696
4501858757
4534123745
2643316609
6170508681
5401245288
5837750591
5613168173
5361658149
3723233650
3752983612
2085778080
5161909634
0907056524
3465046058
1723615480
5451637602
3084268216
8317008059
7281331751
3584798215
0203640491
2423891081
6564115848
2036388011
2929456690
3095287879
9354264368
7610992948
8158743088
6533949643
3864343288
5586013918
7611023984
9958964655
6412781183
3765946616
5943173794
5809731540
2599369709
2711399098
2249751817
9529273896
9526251748
6052179026
9646230262
9621691603
0123388931
4771360989
5332881591
5540183800
1083987044
3163163090
1868795202
9342798553
5579987129
4347769436
4568897588
9082929023
8810681664
6679363314
2161733578
6647121766
1838217922
4178358033
9484320847
7138042199
4073346997
6271949892
5009016694
5358698037
1657060728
1671964868
4706644221
3665812233
6722839448
6907887218
2785689769
6971255193
2728775923
7032019342
8717847725
6520061204
8118318383
3958555370
2500887667
3750768965
6101860382
5412429582
9410442340
1662432930
9314560592
6033869009
7897604547
5582560682
0702175367
8487478577
2601346883
8437310726
7992220790
4526184417
9703176810
4809103894
7254227324
5379174351
4757013711
2009017311
6610682612
4099010286
9319721802
2555729896
4017980343
1785030713
0172890265
3519780207
6557295967
0080034994
7179536671
1434435371
8255938750
3128816529
4356954016
2786563455
8638430326
1719383379
4332273087
6872375126
8336918552
2610165278
7339132224
1770970889
7642475196
8239348924
7820608881
2313255717
7944136194
5809129496
0529269056
4484743265
6360101732
4053613837
4829574574
7961804027
0993694575
3809041177
4088477404
4865181351
9092468185
7975677141
4197140643
0699033309
3085450896
9136079238
6783056018
6482512424
9961244275
7337854406
8693749551
5289097635
7402732133
7975704393
4558295260
3610309750
2474562955
1547963238
2218621825
6298650438
8542480880
6092746696
4503499662
2484496132
9742798822
6387947382
2987137985
7536519470
0006695009
3704729646
2272563103
4848957001
9493355207
0747324223
8853565684
9454229944
0641635795
8757406273
0605968907
6461506452
4814206420
9199205177
3254677697
8896516759
9185179657
1908171497
7004101609
7474453233
2738132951
0159257135
6112359227
8040510255
8886730172
4594462551
8304483909
2005491550
6716364230
1725797778
7922165052
4414653025
2134886612
8280122093
3591204037
4724078412
0641121969
5113874832
5434618039
3304156488
2987281675
0119718105
2581404041
8526569105
1016812549
5415912595
5985500724
3750151045
9819483950
4664607515
6337795888
4874256492
8387692805
0949659366
7276372796
4272859016
4046450272
4428959460
6426161372
9111692639
0655810636
2868550350
2615573813
4623042495
6916948472
4519694548
5220193224
2299612845
4892163641
7848500807
0524461052
5114158355
7047420288
6266451983
6818393149
9090511102
6514952408
0856887271
7153146606
2239527262
4818494301
2125495698
9856517175
2127202749
7382279237
5284426449
2929030759
5005638282
4516740529
8222994603
9442115425
1926885815
9096329181
6174149251
9422927554
2218564557
7842721185
3038685031
5292989197
2126778669
5206557085
1007489701
3052064044
0152519397
0975719577
0994080394
6917587774
0102547812
8286348978
2829108233
9825190961
1212598612
1987587386
1199463442
2304907398
4019057246
4114456629
1695097355
4547151649
1904277038
3475538825
7837018567
8892627960
0047020486
1391880716
6863801566
0374696083
9542767468
5181572754
1968449595
0696056652
9363297926
9377713886
0290091014
0197151077
6026181699
8472591069
8184684476
7529059434
5730809052
5467595384
1258861144
0957806739
8940016580
0267369625
0932830228
5608703899
3175294137
0540423572
1202135131
2973521393
5285034129
2512399069
9005255643
6193004354
4244901677
0248801496
3584908542
2990626970
7770910050
8780600248
4804933780
0563374576
1650373072
0070990181
4460391281
4907168670
2589085249
1773922594
5218986128
6802937420
4481186729
1898682185
4426993471
0738776376
7791017012
7375238751
9608047127
9943563832
2031820956
1648835380
8426001160
3567274038
9285625732
2291129821
0222250834
7223026542
7262349442
7714069577
3765415543
3112515473
8103558012
9775343245
5277572024
0647773984
0506399728
7151180815
5414984789
6851359478
0474381681
4155350429
6567605708
9500490127
7755689588
4218217655
3843171559
1858475384
7648558584
2507131846
6726491146
7112502443
6939789454
6244875739
7673231187
7499890668
4811089585
4576943865
0527847320
6506212839
6105475466
3930325509
1700969089
5194308057
3809300622
7036725445
8834658503
4321439018
1742996434
4420110250
2678955312
6664139783
1195867040
3937522941
8637106860
1541002131
9693050996
2835110555
4078140806
5433202146
9436085096
0159630160
7771212957
8932321376
1194435763
5098834869
8477916565
3965799246
4094884480
7325965318
4206140249
7394546354
6954124130
5845496475
2546698922
0030168768
8106026700
2819804928
9835199435
4618424595
7188247635
1617488670
0415257176
9589411119
5056809147
4409029213
0376810817
3926377578
0358492924
4763889057
2628361144
0461810616
3901645662
5658373998
4822612536
9493400961
0980793779
6006408168
7377854539
8909965915
3334394944
1222494617
8973761083
0632192252
5761534140
6801914628
9168069200
6158115371
8515692904
7291759357
8342075938
8893968546
4511230846
9814539237
6991928598
0231898510
4868260860
1779520446
5071575164
0600498941
5576689194
6403537150
4451993058
7111490554
9501002244
2255744236
8546086643
6724125638
6650684842
1201971224
8603570888
1194030943
1683121748
9989090999
6028417308
3419437414
0212070470
6873620350
5584118826
4768535725
5836135262
9383490118
8030101952
6074464708
6294399229
2798308987
7614716682
3351542318
9160653589
9929337629
4017453195
2963910746
0939746729
1567158759
2483796711
3874769895
3880080645
4550481275
1348873366
8306865978
2256503628
2704370284
5341317457
1418046177
9072281778
8898055218
0126174044
7989734465
0688551963
6706749664
0410951805
5109119632
3452232070
7065877351
1220576174
7179261580
0846831744
5600459829
3946724496
2454509513
0604619417
4167496943
4958946460
4354173750
8889892873
4456191436
3129596494
7997381471
5194296803
3880281521
6656572536
7503744374
7348093511
8090987943
5863716104
1885955640
8026864421
7338798965
3504189262
3601880884
8771191960
2971415531
1474142979
3475679763
9131104107
7719995266
4530064743
1932882586
9492273840
7495201396
2815160479
0920660772
3648913247
9556318441
5753380206
9129645886
8346667308
7516352526
1823068762
8976482788
7144611909
6384615349
1826303159
7372535711
0526932713
2587877818
2558537110
3800850915
9927499269
1186771983
8968053664
3467893321
1060311641
8635321826
4597116530
6288033814
5156805320
3055715492
8093140729
8787920252
5761685668
9114990483
5328848600
7189076377
0475751476
3755776242
9946269583
1614202687
7405230002
4182596902
9089851078
1801004020
9334212897
2849583082
3151247292
4015170413
8616366528
1892931144
2719568741
1666377533
1533531995
8462207569
5287352296
1511398685
6537099710
1722849410
3241308403
0188769875
5654606355
9602806286
4188287973
4330588031
7507575280
3688796405
6414613323
4139581523
2662106022
9433247567
1271295742
2801794576
8033740923
2707536615
1789472353
0269919887
9156261879
5893072467
8007021979
8808238511
2962569982
3114450016
0050111706
3112055815
2180404749
2190378284
1776680317
8870183781
5486556531
2028903296
4678827553
7228129081
8191817950
0633613152
5523369115
9630538990
6604348741
9595315116
6869306074
9910047418
1910472515
7657949838
9035228667
5754564985
5856171361
7881688901
6909956164
5177917685
1160430341
6857226999
8740560915
1967281497
2852014115
4187855419
8560465613
5189063782
1650090793
3167626087
0881633874
5909683074
8065886565
1185047970
0665152590
1860127224
4142807883
9737177170
8555713276
0597283941
7444523208
5611439818
6168135518
2946607468
1016906615
0214393166
5989429499
1413848529
2109177732
4814403410
5244164812
1812176676
1398970858
5551018506
3076262554
8356414443
3015231774
5638540174
2339545903
5451230914
3907023923
2662077762
6590893570
6187359283
0095572073
4779306469
9052724788
0893268833
2030902294
3845160035
3320120425
1723260109
6151163597
1730733368
2967613597
8789109751
7833104102
3419743598
0580440673
6865648529
4228336850
8952622826
1720432303
9108612025
0661838564
3635187490
6993575725
0626029173
4344453209
5666239628
9721235649
4942277318
8968928205
8696611892
9970861831
5249362062
2756489967
7128141718
8419770987
2512605027
0805393288
0722012251
8706236852
8588074953
1809637835
9252546155
4959159351
9341407549
2693534805
5183558141
5802126348
5848226219
2103084443
2086084832
9694560459
1513886353
0447573290
6921568085
5965227522
3818941256
1522091689
2193253370
1108180073
6538852157
7857426754
5856553374
6309879325
8275663279
4386810155
6353861250
3404143871
2570445247
9925019183
8668772649
2075933450
1656903137
9926285628
3820630856
1443148332
0657963850
8460702042
4953269348
9374169033
7993724161
2818933307
3310354594
0700185832
4505416883
2409678152
9011973652
4612761980
8391451051
9860190214
4375668648
6667626460
0228572473
3754981536
6103369164
8269236889
9859870390
7257013964
2403802577
4150631244
6804322466
3155133226
8286177321
8793830307
0231061108
6842127512
5300115877
2674567798
1659114104
8867251649
7887878623
7042283792
1151877205
7068113634
7120977126
0691930129
8752887485
9457419045
7371858998
1992311222
4414394075
3723126128
4192164263
8562999166
2704665740
7444180867
5458390483
9149114746
9979764670
1574725021
2657103893
9989092403
7947588626
1657298426
4191407134
2534344453
7327742463
2650920702
2500421924
6483152716
8459720363
9350213555
5432906866
9123479412
6754743316
8015239411
5470170923
8523155666
0657489201
1240818625
7228052462
4661892332
1051205381
6580819063
3322956367
1460265868
5345435705
8658810533
0152039210
1702926964
9240526361
2119820543
2650281977
1407306957
6174969316
7853046314
2371034949
6139800646
3699235814
3195782613
6796491076
5017744410
4049098634
0738445964
9852407636
8227859880
4072418457
0103641124
6540948431
9552068414
6699935699
5781322679
5347091809
6062877673
2523775129
4506017384
2777697884
7861987034
0363651010
1653923339
2989754924
4051868557
6502028996
6084700005
0431324631
1546890209
3822961966
1591224837
4874198766
9644136177
5469884329
8532840531
5690407693
0679886786
7005873158
3699181393
9024541869
3452255655
4329013088
7313336544
8769841237
2387212467
7241552021
9216859101
7878360040
0721883468
5449855248
0106389287
7178332557
8215713709
9327110174
7502566375
5726158868
1393512017
1623793513
3036437277
1154212858
7013022595
8753651706
5568486267
3752273757
6042353628
5927181621
8405866896
3685294515
5029317857
1671523600
6669665569
4349312209
6526462053
4202342079
7464942732
5611670610
1535486396
4949785525
7187237395
3916265929
9328804883
5757190001
7629151925
1689333524
4456400866
3001269701
3685601757
4469236879
2972843428
7364229403
4964895115
6206145027
0018939766
7308008045
6812243794
8876513925
1000545513
8965282593
0645871398
0184463728
8954372196
4563322551
5597947853
3397185777
2093488566
8649693630
2835428854
3874757960
3127847179
4465723042
9922576964
0318530876
1790664007
1275837055
8690262163
0128822938
4743964690
5810695080
6058026740
5713616428
8999724014
3241701776
8967555906
2604368138
8675550951
6736137538
5960559463
1921331343
2063480488
8772334957
6495221473
4213257712
9357953008
0979699808
7231366593
0328113047
2836907235
9608202124
7155000788
4335327993
2082255235
0481356003
4685598187
7917481723
2058016001
3945704535
2303527126
5202601930
0515837499
5169226074
5782618323
2440859130
0157133513
1932517904
5682493605
1284404944
3190396918
8938976567
8064127058
9790274266
7647493912
2472112742
4759126733
5588428268
9942355213
2081606405
7217089004
8441185103
0251529488
5863125933
8573396324
7323773904
3313964672
7744450927
2701859143
0346963141
1333502062
5053346738
0737442294
7737007651
4369842059
0100270078
6072097813
0189846029
2371931948
3751483407
7256830300
6106330871
5563501569
4135294963
3439670330
5268655218
6102835656
4644086924
9143522863
3145165265
1601000802
8120156269
0369508141
3934215725
3548713446
4080592968
1900390126
1706784679
0045660030
7093747585
9277599441
5056166286
4743051828
3731157855
2752833962
4643818879
3435978228
1975678887
8566551641
9130468464
8993411573
6429457298
6957485039
3986477174
0451645751
9447229673
4141434576
5944593020
8693795728
5636015499
2565618179
9646078625
7295580680
9767117535
1531772369
7576593845
7482172970
4931536000
9347179910
6373108385
8032948042
9468639995
6165156790
2599352463
1071472772
3511932545
8702421971
1658523237
6923386725
0302387762
5772875151
6277458842
6872410582
4367260089
1832276711
5048992953
3085316883
9094470138
4066688410
5249816335
4366568481
1688918360
5003201336
4289815002
3126130916
6213397323
2237490790
9596626023
4793003494
1823212270
5365829118
7958231829
3260006055
3295859932
7827169766
6749929580
0988579062
7083109502
7271197421
1399108186
3832218576
7969548199
3699052672
8187482889
9705601074
5897836623
9899538754
2304928753
2966737303
4387025918
4612353036
2610546637
1345849478
8249070202
5203899771
1262952102
5051950494
9211739445
7598325367
4136033618
4853962651
8003261620
3288666186
2213796745
8024246091
1903592994
1533733511
5205732411
6124406493
1452429636
1276836076
0608759752
9491547815
1945595316
2817483813
6105711876
3035394928
9908814674
9963999288
6844125117
2113493571
1514275323
5838611566
4060585394
4169413991
7268900170
6128045136
3835604086
8566121687
9257924025
7494294812
7409396788
4644534908
4555999244
3903428203
5234883615
6605725382
5151652485
9792076902
9878400884
1941394154
5253243161
3909846828
7445009603
5456172783
7668020929
2011945984
8047655448
8130676307
1811444897
4452422953
6104424855
5302968893
4568045766
1628679443
2340581280
8964246133
6155408887
7227095138
9967240778
2032333958
7560216802
5253649862
1717430191
8729694917
8621326869
1838559377
4996406927
7700286545
5199284658
4150212986
6226741441
3236116728
3735699556
1752466542
3230262272
2453721905
7921020184
6968805373
1225337591
7791250928
6861103993
3578295807
4977387535
5319278900
7418745093
4296839016
2175209600
6825060790
3775140077
6255330365
0141888904
1277185461
5325211411
2318833959
2727260565
5115790253
0627347423
1769767815
8361286878
2327635433
7810575221
0356645602
9913517767
6669245235
7126165051
0480928675
7562607761
9756269946
9237930711
6562531446
8391405482
1352253092
8827433465
6772892315
9595148580
5884961577
7751876541
0698539359
7869600943
7596119888
6202291710
6681691108
4383429327
5388927574
4858779459
4386259307
8132792738
2661692548
1664090907
2440906688
7182186233
5772542942
3357285305
6242226598
9176041785
0945044979
2374106039
4636453309
0627822838
6335296933
8447043176
5917907875
4927611084
7222639785
8492562134
8495222291
5798059770
8453357080
5106506081
0094234098
0897950818
8019207477
3129315335
0668791316
2673814789
9410463580
1796380035
6705252864
7975863773
1661366179
0765825773
6097618892
9516195754
1211171012
3914353886
0640862071
2065290381
8632412890
6785680470
2248797110
5941990910
6998763026
7666182437
8272371336
8551104863
9022117188
3554869334
9027776955
3723615301
8531716241
4846961459
7305254536
2805250329
1424936335
3304382934
3533374896
9966677555
2168924186
3232325346
8588353271
1227583700
9044014592
0694480772
8795184604
9656955397
0073097001
2596477550
6819383369
1795316242
9505710419
9750294128
2584001949
3747170620
2297159724
3657658232
5092862469
1242835878
4589182860
4087301419
0705852349
8393205445
4146936529
0415587872
0202193940
5721646104
6882355187
1811761785
8949268540
7337110265
0469725025
9513784046
6414748293
4064456065
4373744669
2571164898
3256971578
0000205297
3543625825
4152735660
7145769931
7575915344
4901129620
8767945328
5118362864
6231892584
9968519371
4775761121
1663206178
8421082893
0053357208
2006970789
8750952969
9465628322
7294302609
1014147596
5826666685
9695075221
6534822716
9185913129
7480681709
0518028584
9846408924
3009621428
3297945618
1068221138
3474086456
3953104653
4776817084
2827914733
9227471368
9287791269
9056588571
1638086393
1643569357
2475744765
4713847662
7978048547
6935183891
2327248498
0082492754
4037706117
5556786898
6633165619
6262826707
1995169737
6722129350
5773654453
8927898019
4308312182
0209288997
5226305627
3529467643
1549399191
1801680230
8647634652
3755851572
4372189429
0292647952
7889105717
4878669578
4168040053
5450118787
5344311090
9663586517
5223438002
1078727275
0257468593
5181385801
1138257210
1759704634
5037914291
3040880883
4166142407
2096514440
2150438935
9267440797
6981874763
7124985417
9673414320
6236058770
9594488440
0808659370
0997241876
0374554115
2935906253
5288612502
9881279343
8204737546
6378243573
6550851576
9651898345
5748362813
3830241453
0905567386
2147465463
1131804366
5214616090
4154258848
7936487465
7808940342
9162605235
1863230094
0768135922
8511568069
0197862699
1834755140
7697923972
3163397861
2079505919
6700350613
9980650015
2012206844
4232845351
2130733232
5316956311
3811757386
1100071349
4398169677
1578962909
1010163097
5726984343
6078240531
6341647076
0651197018
4543950396
1255572825
9826931640
2681820734
6887683193
2980678588
2122305695
9405241520
8555388789
1138063799
3575727516
4283960580
2164754027
9851693377
6765288010
6969567160
6617837959
1144358569
0192391236
1677716938
1352009664
9989944668
7541135634
1021561412
9693478280
2549800315
8865105363
5568009317
2351217761
7586539952
4820956422
6817773039
5759500505
9338393650
2510919017
8732720759
2291317185
0996725177
0493804669
5012223384
2272006816
2963240894
3750869159
1453296352
6900362836
8043974867
5681230868
7351921639
4702716933
1367329565
3964561858
0575390710
1091266864
9187179621
2596653453
1986142628
6566510312
1105761544
2121420242
6704538805
8563283202
9616470859
9241258260
5087425082
0664117197
2793054583
5128168956
1064942413
3008929394
4676717599
2287725790
2382714464
4917149320
3824486693
8915357260
3649640143
0826157989
2615276895
7526016794
3159603396
7047690165
3879406497
6093426922
6634073048
5338606882
4243416113
4156092916
3994730810
9161891143
0680596614
8114669905
8703088390
6042875419
8385452821
7926958436
1913818035
8120783734
8866803860
5984822551
9407332222
7540137779
9370939935
5212332535
4474876799
2676293562
0650674070
8605018348
9512855925
3150420646
6123665498
2964691333
4306225557
8995713233
8109574146
4417716590
1648515663
3311353986
4287344788
8088599239
4277359568
6700885913
6619774078
5450483792
3946834189
9428203587
2995154853
9548984055
7556439244
5125678182
5486485056
0018237682
2866975333
2241926156
9100637530
3800428566
5513432480
6499693258
1704524613
6519730685
5472388195
1006872364
5429512654
0078329793
7438152805
3946691820
8706489541
8466093568
6285640149
9176270790
4955531858
3228822635
8645608029
6934236976
1654044684
3195145583
0337882505
1437590729
3371707846
6666754023
9737438017
1161998715
6188243287
9011055053
1259540634
8504192012
8191142358
8791385009
9817608347
7881552042
0064244145
4973266367
4341970837
3548071830
7313286677
5959605344
6517763082
1816047736
9447919503
2068330677
8847449531
3192704856
5449353540
8191469411
7205426241
3078291057
1276126398
8263254240
5395226235
9676768103
1214653052
7100215293
8484336259
9418645620
3264369883
7439167782
1534955889
6954832861
9476930855
2769885168
7919356019
3460228700
0224769533
1107055081
8292441394
4598443233
0522295101
6133588317
1089788695
8265021111
5031873457
6932523719
7857416625
1803556746
2088727559
4049815062
1094232989
8143600703
0004546982
3305736411
4112763975
3387196450
2798092410
9312862463
1824148872
5106363376
3495570417
9017637061
2306790311
9538470149
0745332986
7129986858
1829995300
4416765521
4269894047
5738321775
5439239388
9438147656
3510271537
7701340257
4554473122
6142511721
4803828252
6304213718
4053614854
4445430861
9446614438
9761467408
8227454649
6911536251
8425456178
9725937159
7103050628
2118512064
0679432329
7616069489
5852492317
6782051794
6773937611
7346127299
1162620205
2526452643
3270913755
7097721821
3826589328
8263380891
8397373726
5260564609
5538490776
2290486789
9823805322
2511822283
1902902518
0955919375
1883297245
3097424359
9415782498
6879821946
6548788376
8015287357
0793431942
3701220442
3801531015
8351771566
6687000277
2571815395
4459069035
7020223561
8091763550
8804690262
9947881427
4225304438
3127115173
9822262698
4301449929
3399572805
4827027521
8674306529
5868098528
4507036390
1857792906
4753046909
5681644910
8591970377
7591584794
9514619255
0261503637
2725435750
6091333136
7360318038
7471254710
8710266628
6804235630
6002021618
7202796889
5007653116
7977455482
9585622357
7821307173
8444849415
4965158596
8451038511
4470901705
2896562639
9127523077
8827950514
2682392241
8525783846
5353583781
5251024541
6369700106
0022910356
1201842758
3929399758
1466402613
8663117447
3953610839
6435626165
8423005498
0760391712
5681949178
0446072878
3978573817
0819383086
2459461507
5321672669
3317643354
9184124898
8578817846
1449291175
3383814502
2299377447
6544526054
5198224980
8938255884
7948566073
4471139453
6111059177
8581164467
6142963430
4300974152
6625956976
8111990162
1881672194
6422605195
2135366248
2521774086
5840918432
4466691283
8589468676
4220374704
4776595385
7639694361
0925205713
5243074373
9460092974
0124014651
6443681558
1415104869
8662890323
1434007428
7832750692
5455181692
1588168662
4439163325
8183091201
1332581591
0443761834
1070039499
4439332557
4910193921
1362325544
5942548409
8643535421
4981203996
6095068093
8309556274
4301010715
0633866002
6611314160
7332973567
9828188754
0157031743
3068262904
7091650121
0013508840
1471860154
8503317587
7381625932
1488992845
2651301867
4081233661
3145600228
6345108997
7547047508
8025838515
4583462266
7505535440
0553180484
0036296150
5033023606
2105470314
4518679979
6269968444
0017421162
3871397074
8209814086
6392122566
8003043195
7974710114
5059151464
1432063128
9845420259
0087850373
7320074071
3261086442
8652058014
7086215783
3141474680
1491547789
1945041156
9619944597
1899520667
8551671442
3199499374
6333360864
0649186951
4646092522
2138452755
5058617963
5636355138
4502966545
0184805959
6705466429
1349956912
4851864810
5694478628
3286094762
4868603042
4099305301
5145397022
6530706730
3180572587
0011755388
9108416791
6069900570
6842738769
6982036901
2300144424
4813470719
1264790802
8459849566
2382523439
8310535748
9999895509
0357221437
4440817323
3011388014
0273231494
8787602508
1647218397
9095077020
8697714313
0624077750
6616016110
5405200970
7710168992
5702116594
6670179059
6053339286
7391919829
7546248907
8902295683
9932771667
5515851439
3833331224
0969155758
3406229374
6640505962
1598730458
7081719055
4191972880
2071382127
1041856167
8268394205
4649207179
7255294745
2698861842
5571535257
8183129704
4489350024
2798101300
7271468252
4813296270
5719017470
7573373748
6253418130
2368365799
1806907028
8279680511
3866130003
6961392675
3884119345
2424944579
9953662637
5638629307
7829544791
9291931640
1548150319
7738304223
3108870495
8728629265
3928873855
0199262160
6586037887
5950258293
6208161318
7410356208
5708233206
9780885848
2394005933
4540962078
7306867890
5165895150
3156711232
3647801998
7856656844
1119992006
6235838293
6926491456
6003888872
7641047049
7306853689
2443369602
5820825553
7024233045
4817458508
9187247439
1279602882
5236259764
8821181485
9625252097
2679823598
1311678768
3093177039
6316994039
9331172763
9933160944
8398214264
6564265107
6576896849
8738024586
9896358426
8300428407
1362677562
8809078166
1333222434
7917609579
5851234908
7259222133
4478579719
9463325509
9713159367
1297860672
7605490047
4531643563
3521164762
7042741399
7375259827
6707728672
0157290402
8360066771
9420078552
4825382016
1062954201
1868847425
3207878679
9205706026
5075227921
5093261196
7715793494
8138693485
2667970194
2267117374
6839987054
6667036672
7128890940
3695271699
9198616348
0494854357
4663228216
9582085819
5478454775
3903143604
0048824439
9245488785
4354324440
8118131395
5466556938
3058854206
4438848173
5869388334
2141946793
3850708765
3928125375
2298355167
4823431030
3718823852
9405565554
2081830344
1811812309
2829901063
2899327527
2162569540
0164162966
2889178369
5884962565
1430616104
2919011476
7045065160
1464639240
7571717360
9295441739
1323112903
4604958538
7319087418
9570834026
5980819696
7172806206
8486132445
3612696492
5326779606
9783699084
4951918388
1807245065
4252055352
6495283579
5725130713
9838389860
8033191588
8766399256
2936298567
3910412617
8472224904
5404688998
4981490726
4635842105
0257356168
2304632429
0567995292
7407012851
0189736312
4094958821
4620519060
5867696381
0473698808
5083834720
0455083728
0124085258
6423719031
9461177726
8320289270
4919743160
2163519328
8264534600
7417080545
9644746717
9052245451
6388347713
7560045675
6256427953
3141783057
0552843504
2842236986
6356049285
1496927561
7271037913
8614698070
8750848593
1093369624
0405142712
8102403090
3881464130
8403990859
3546749240
6862084533
3223412504
2104257554
1541748419
5595121805
8738714387
8923527663
4774932565
0123339026
5790486654
5345540504
0567008783
5908869918
4674826220
2288929937
7172579926
7001450763
2848648191
2916266339
9185224062
1676217745
8723560714
4434349211
0849137210
7757198495
8617574639
6131277891
6062054588
2335479260
9748936121
4522912184
3315225178
4213872478
4348375798
2601128668
7102901187
4029297495
1843365859
5403434539
7611416671
8876602138
2338266292
8804947203
3478166961
9843878297
2831959089
8024565431
3827904574
8190044313
6966430502
2224556747
1416513128
9921100724
3386931763
8182212956
0382129368
6793385773
3345870024
1165987528
5563858160
6370736010
8740187964
7557432144
5381342117
3678443167
0023034673
0859207386
9189308201
0091063409
3749524117
6756050095
1984428453
2345151059
3922757681
2774844522
2511716698
9333677990
1021843082
6118202459
9449070626
4027824843
1569467433
6671997147
8423965176
0483539283
3625061063
6241351810
4725161401
6780874893
2165874850
1096947182
5786086078
4583349061
4073752309
3805757184
4635217246
8692319986
1182337768
5153775542
4930687888
6956174044
7296130771
3075975429
1428180797
0382631858
7434651986
3966297783
5793770492
4633682879
1539203488
2745481959
5703550033
5733085528
0348959788
7596929575
3517207603
6914516813
5385828186
4203030835
4315700259
1627580114
3220610383
9152230919
8547764108
8388844415
7792697589
4817766752
9683216173
7062275468
4790601533
5517819794
4677873909
2248061973
0331629915
3379553242
5485850393
0019335578
8817567531
2590562492
9261550202
7255387350
5261877733
1168721879
0821370728
5773960092
8478880189
3050337872
6273604174
7190799025
1308878582
3806673539
3960830905
3886623834
6798654612
6690704005
3642289792
2599031632
3111111468
7098539371
4440311309
7169476161
9683644612
2558709934
5649596034
4664759990
5778438302
0807811495
8526215835
2740229721
6311285649
9423629792
6276143754
5602427217
6918167249
5541243872
7029456284
1666519741
4554726419
2456550491
5392118286
0409181917
5988610949
5845533181
1322254863
5533831409
4888853336
9408311850
2719543488
4721845939
1809704405
9749736116
7167737487
3647569581
0624978887
9160227832
8689368384
0396184981
7607259107
1690745184
6452894618
0484848423
5257795589
9771523426
9465921661
0905671471
6315638133
5987321655
0771361212
3969855526
8597148148
5531539043
8348985391
1027371132
5473849345
0555337949
6812795309
4201542072
6472399947
4131078638
8620017390
1361844396
4284195372
3363270436
4653527854
5437087474
1965142528
5489513055
9369170765
9705153112
8945917007
3428937210
1929313676
6332212376
3090452369
9816873358
0629972984
4929928504
1792706967
8122519976
0072385323
4312333733
4375732173
2346086062
6875968609
1648719535
8593353068
2653772996
7662665479
0941999374
4550956163
9669685750
9636233914
1253407402
9930901618
5114665512
5302683535
5622683867
7231189057
8462545027
4377451224
7541832821
3123112991
4141256213
6646860497
4556039936
3257952475
7236823200
7729188609
6792266423
1136988055
5689298788
6256790083
6360013637
8076533658
0738943837
9514548756
4324420737
4272090182
2448053388
0349677733
7032967341
8848939577
3195511294
9803034135
3594151957
4668285102
6595989496
8524762276
2509367527
6202500325
3816869512
4340303912
4455861251
0513066848
6484530563
1203436707
7855262448
8883301389
1858087811
1163124686
8625312514
3987514329
8996023053
8126821878
8517506580
1084912549
5972779409
3892155691
2500852730
1924100245
2869469016
3706088216
8524809845
0663444288
9405224565
7700368253
6127951133
3041138773
7757788162
1212212809
8936378067
1336230841
8607754245
8045887491
9147005554
8568381499
6434516826
0724585804
7084843011
1754510045
0215254893
4375484737
2910322506
1418926664
5526959572
0767106279
6593693328
9664423138
1397099893
8332569047
6229492188
6122506530
6383823291
7918701477
4731555279
5631742033
6886494431
5188401724
7305276469
7661133393
8163066169
8523368149
0363446236
9436183927
1572868436
3473226171
5129360264
2695081810
7258049563
5727521726
4648234279
3966036001
9917836779
7480412878
2267964443
4573132871
8064225415
9358912356
4273469021
7777890175
3240384778
3423158235
3158987863
9597640789
3022918416
4983761811
9072664963
4094391727
3724674341
9365554965
2444269608
7842236872
8298977850
4916587149
1166410830
0117188768
9670381098
0490943204
1904427314
3532722617
8064244512
6499728266
8869052782
7179180542
9393982363
6081167756
0424215878
9752848799
2860804235
1916778666
3201800156
7560350225
3732152617
0070333978
6715532781
9757901992
2966639501
8428327755
2478931894
6474069616
8555543433
2595688712
1597355443
8023536510
5922434958
4650432482
5202867723
9235706758
7196080788
2971545606
5126656566
6172679308
9256277142
2369043737
7581437140
0187835626
0021230668
3146032766
6880270112
4740643731
7731295549
1580659611
3341683791
9471125348
0300447537
1438798317
7929689628
4766010424
6791560969
7432471305
9926272002
0759300130
9748528477
2105111909
7893667844
7926233002
1093621841
6441895526
3005761588
0218156590
2275607697
6465248592
4196425532
3338273364
1554496523
5651196445
3641985193
2040737148
5994518923
6244629768
4682853024
9532170990
7717314268
7774000342
6501318984
9275722480
7054740912
9591785013
5983275601
9407318582
9293590497
4951369032
7940045934
8517307140
5459587585
8979538180
5132036647
0716158262
7306147385
5243962837
1895719963
2148741279
3994513715
1086561958
9340446534
2767145104
6670418406
1167767996
3258279712
4191775353
7989784576
3913532672
5498648048
6866190451
0832830050
7939202061
5613285420
5548186817
5019497485
2159582368
6267962491
1303523449
5043355077
8705990796
0458515815
4065902864
9427446893
9061216730
8081648327
4163342731
7360962842
8781884014
2073823663
4260907208
2401622881
3076785017
7694724538
6036827265
6954167324
0063568800
9560949597
6064152463
8685880101
2841500129
2654901846
5942526501
8136407727
9933397646
4519929787
8859044059
6942163600
6896331721
4671309530
7091157142
9618805883
5318093751
2494277061
5566368471
4317562904
8909569188
9190846014
7849691017
6589203075
9548662736
6633817031
7614438676
4018829278
9384834890
5290808312
0830923708
4290572698
6954894639
0261510452
7706989657
8596512892
6356430889
7743783342
3307401083
2616861416
8317694586
9476045697
4959802988
8126709630
6235664447
8975813665
5446236153
0553136336
0264571934
6642711528
0282725470
2049710037
3007075702
9654947693
6530752572
5598944000
3353740157
0122789465
8298370537
6097965690
8331194584
6299898309
7263359384
6389085366
0332880022
2952661958
4300792873
6666579686
8827387267
1083133899
5514995249
7441200086
7588051515
5165280551
1290870125
4243711490
0840779965
2180853667
5035405933
8977300909
5959999667
1314640281
6920766027
0524224480
8397732802
8284634120
2566375951
7538022513
6735207214
6376308828
7886515018
3736340481
8769659153
9818837095
6427213898
2711926933
9700052776
4592436156
2195258717
2947679196
8824090640
6144490533
3062969195
3780964149
8612988782
0914385269
3512709565
3200935161
3416542260
7149274832
7978204923
5499911751
6573198530
9378695403
3173585310
2759301548
2187965795
1533524966
5411732311
0121883439
4947839345
5101326591
8582745482
7608026776
6219819039
0101827743
9869880321
5801187577
3088648260
2310931936
5680860462
3627588153
7475509241
6413222136
2715468565
4233174293
8929225980
8161853435
9944815678
0252650773
4437324993
8636320181
7401805886
5091002704
4382187584
6925640494
6341704500
6807911131
6523260349
1323958344
3949925502
6299084650
8716868817
1707184862
4042345606
7878794091
3833264825
9320739232
9980621233
5461712121
2337260841
7045074421
9135593723
3082342852
7174181589
7281536542
8681455717
0934700750
4793182051
0558979979
6114437499
3139384679
8944659818
5067638975
2589882589
8945234146
9634925713
2595732811
0046352950
5489496194
1674914422
3816078080
9239296104
4947134470
4642056380
6326408966
3197673347
3846155844
0255622422
8118572395
6882208641
0915669278
4381267668
2183068075
2272984321
9821995868
7576558955
2366132251
8404307250
7910519126
4180193058
1545688972
5076212094
9960671907
0700999771
4599915934
1807368191
6638935310
1102040513
4727362145
6387628051
3722792431
3272675220
1877202141
6093437515
1313259461
8696618683
3174009820
2117285449
4375888249
6362120414
0953612060
4365516788
6734999238
3845610363
4611362661
9251367304
5545059475
5810653650
3481705714
0539700740
3774027397
5326282103
3567423018
1598796021
0256597358
0538019691
9338473573
1083232995
4572020065
5970292143
7058149079
0025109914
1452095625
3462311795
0778154233
0270465616
9324288591
0479173721
8283935679
0773722460
6674072521
3434126501
1499238875
6504641259
9347404093
8805776976
7380323177
3135738963
6318198987
3163635894
4263337025
2708462362
1492565994
9409925222
8981163139
5176136348
4314418333
4876349988
6996100860
1756829206
9073177880
6302048215
0055707980
0141025110
8968528540
4247585421
1355277165
6936093386
2267329928
9223262289
9667849264
5628184017
8932082118
2343895695
6335626639
3193599756
3610979938
2759394641
1092859778
9918756376
2979186172
2576923054
5238240518
4240325452
3422537048
8466404452
3072945791
2030846726
3323129992
5865313185
4582231693
3873492311
1367737677
5920487315
0609861594
0747299513
7890975560
5036220131
3253450539
2898757556
5818746709
3399959634
8593120672
0565109506
5861002365
4578452025
8737866744
7621452814
3339851277
0873234311
9081978853
4917384880
9884560499
4522154743
8364083616
1448453713
8342569135
7436695429
9506755973
2253973589
9097510244
2762547775
3821076597
4204871675
8463557702
6311561809
7419179797
1358319631
7670392592
8896008923
8846995839
5255565134
0207719051
7173292156
1732477262
4301275485
6003279134
9958269333
1415608065
4256960879
8137883223
2712212711
9298441604
7596352685
2483895755
5255489539
2741713453
1020691491
9853216530
6191498927
9730557910
3635820963
7353142960
3064752226
5070497848
0600693718
0066845177
7708113093
4075215890
5640274026
7355163024
4763134653
8111210340
4106052291
7287052425
3533538472
0897117305
6112983700
5352880993
1702842243
0178185496
3573544849
0914380390
2072334305
0347949214
3690734644
8603020972
9621344065
2827058348
8751660133
7756220869
7444502586
2746906485
7380953528
7084537915
2935530351
9775946375
9511664864
8421801814
0809771313
9848147793
9211567330
4661734282
2652207723
2386164031
9639733417
3893972662
4445488512
9494540118
7403749930
7365172644
8443284981
5441632589
6293973884
4337883930
2797638385
3409632164
3594214024
3271441307
2006920175
0147514370
7736948753
9540700000
6364296430
7939461255
2977043165
8858198610
1312698836
9371458101
4281925714
7911018251
0257833808
8711319349
3245764583
6084522556
4331338667
5121347563
8004953472
2908613783
5573406502
8458184958
8525484606
1768783710
6302177847
1098362024
4780627524
8802823940
2779357178
7158115175
3966099975
7730783122
6819269544
6048502883
4692624909
5286294116
2816670726
2812385842
9673624799
2017532115
0828005361
9119376759
8204731163
5266353969
0510412110
8814853776
9589098494
0592846235
8051177063
8606509550
3031623923
5378962508
7773681175
8850721732
5551218975
7843100528
1813307590
0673271832
1041166356
4632131210
5192427354
8006340515
3523202831
4073767552
1190941620
1499829388
8203163213
8631473443
2524808698
8188108217
1759953129
6702448660
7758616416
6740085000
3073700673
5205736778
6064435280
2086067040
9810288239
3271794799
0341980662
4709627165
6188714708
4518815459
6344645946
2708044603
6973649647
5505621724
1341886857
5797147415
7613638080
9072417830
4706832939
8912981937
8557619325
4359502154
6902587510
1011025730
4120393702
1805570506
9722844505
5988745012
5028718862
2526872518
5316819150
6213180267
6752832713
3149900483
2621562596
9825558802
0438058470
8371734357
6462152464
8264665921
5867883243
2621178847
1839070782
8480567189
2115003149
2274424800
3667822345
3727136682
3764583816
8031534075
4143151666
3111336663
4679589045
1210980594
0203319532
1203327898
5459181022
6462496189
5091117306
3001304194
8469129375
6173190982
9471343925
1958702499
3793098691
4034065541
1289170362
0297527608
2841514917
6835280468
4586038827
1762378977
5874376284
1713166728
8302957409
5944359640
4265295678
5609513856
1064154436
9805215363
6504798031
2271758713
8663033930
9372904213
7473469711
4370981210
9194606504
3180202882
1068778177
4400696855
6817997443
7678610922
0472013139
8957487847
1590961836
8917729204
2980553448
2776328557
6122567504
3225775077
4960412246
0007616842
4354184875
8094044903
1611523063
4639174563
1101019143
9236129424
7574202930
4593192148
2734118685
6929422375
0484168092
5115293904
6235906312
4723944447
3043396173
8028706399
7093173854
9215172791
4453333104
3359565437
1060271800
8799231762
2563048619
9078860985
9701539225
1414279252
5854616716
7824670019
4220204684
3130354471
5189917340
2409679320
4593827307
4034161705
7138351581
4511203427
1021209103
8272576871
9402368168
6450738036
5148151380
1498648883
6831153461
5910550243
7128262090
6870319260
2141460623
9906948170
7035421451
8134606018
0764674675
9508005000
3460465823
1283398080
8068833576
0827118285
9089194788
1767262148
2244569482
8317218759
5817395529
0019670892
6393833319
8937845196
8715405613
9007695719
7630437183
2380083793
8351535491
6649721531
1010656892
9743476624
5380423271
6472576907
9532487426
5830434942
9552513321
7190307668
7019840935
3499350317
0926878318
8221644794
3352085049
0854005278
8878673402
2715743098
4218232547
2817668554
9286349047
3822362271
5004679917
3238809847
3555416618
1457085800
9609245647
3164769846
3013715676
9627976217
0046338031
4398173255
2240428842
5038882907
1946780991
8253901938
1556702855
0049655477
6670011843
1043658580
7987584120
1425469516
6216809053
5945148733
9650089326
5476441563
7984806107
0819604874
9439654339
7241154197
8535787543
8496118579
8458365402
2820156028
0636956666
9405524501
3366363225
2703252861
2028389099
7565265168
2789308979
7722059196
7834996704
1215189265
4046911409
0641256975
3146293661
6435085310
6717710983
9524157847
8799212434
6693419947
8870410718
9878368914
9456034302
0705078070
7979377718
2865830773
4093929591
5095913576
7582243149
2212189995
6819323805
8233216568
6396282667
7401464200
8273813975
5202493456
0562730723
9593002341
3727150348
6081709477
5391893760
9191962132
7811934062
3089105817
0001912808
0206691296
8886377362
9102074424
8295847780
7367525465
5178271354
3484049605
8637996106
8495648093
3906948698
8924523848
6952309704
8933908009
9063511142
7193755376
9127018741
0033611074
6244195049
6553051188
1034028426
4925335374
4907433578
1325777114
1458043920
4366781184
8347119718
1931468723
6843666878
6694811535
3599131321
6833387079
3274714475
5470821184
5721239627
2027852142
6276687825
8519481974
4331511513
0996635180
3151421169
7302125701
8399476332
8113139496
0187831722
8305535423
4728622115
7247947234
8082461037
0286321860
9699012051
5511248810
1775187378
2335321252
8811086404
4198539879
0347242988
4527211173
0403690138
2417988924
6996952403
7097303398
6162457638
0567553997
9345282423
0338840175
8528409846
9570257399
1593697131
8399999201
8594378825
6283692395
2541400364
0562629500
9187726120
5711205872
5077559887
0222331384
2708416149
1788052065
7068466261
9001564820
3131625528
6895493785
3175027146
4961995328
9316680408
8723073726
5130657776
7018976837
3595640019
1196503218
3302486607
7203383179
1865891706
0195963116
4518727583
7266754888
0825930173
7132838035
2264096069
5363783515
7254323714
4982933413
6884394193
3301245099
7167992303
0688542741
6900555201
4349784292
3482803354
5673289235
5504622697
6429464128
8980246803
2214164170
9549458431
5787075740
0978771045
4748640270
3778152596
0592417321
7904808725
0660981750
6529684591
3166553393
9056390082
1894347480
1856916679
5241404605
3841329840
8836420591
1932825162
5534913707
3018172616
5013222989
3418826369
9334127951
6096924415
8115693377
0790138458
7895460764
8574719011
2520035233
2762178694
3237555973
0560807855
1162438021
6906580237
6760599726
6867352149
5798077020
2956389998
1268707801
3580264657
0527942351
2656857424
3007774883
1194828161
5681274789
7543119014
4337219113
9842645693
7177596524
6740856359
7762012097
6874769240
0475540165
1824044459
1473409025
5673637857
9206349581
4967282429
7382953726
8501272317
1504605823
2095059787
3681555440
5786583946
9303768290
9346603687
1260018659
1869944558
6024535476
1947387800
2380224917
4431102093
0113334731
5391420479
8504895250
0769913591
1763527715
5676285350
0898781677
3871969173
6493132992
0800634097
2375766538
6646756099
9174630309
8185539807
9471395232
8412846888
5949837753
8530874014
0614984695
4882316276
4286863911
0285577562
5148846451
9820686892
7547383052
0859349338
7836719339
6264077574
9600251376
7232750468
1987303376
5920982026
8227635702
0419491382
2465360124
0428911020
0794411330
0494961840
1723107533
4845745704
0617485356
9718221565
1545474999
8804711191
3779429267
1657805236
3264360754
8567199884
1218037038
8965299976
6905933199
5530002759
1123105072
0675211667
0034777425
1712364012
4489911392
2212156175
6346879816
7285437962
1080544595
8903337505
8938464551
9180165165
5881934694
8462992722
2673312454
6710667476
6185707831
0973805281
1304308597
2609076845
3815344719
9705071121
7841987035
3566390134
1989032146
3779513146
2889452419
3250670667
9475464760
3559222345
4255271625
0958003896
5503469040
2216831099
5105628456
2585583194
3898045191
9395495649
6169185663
5728484930
1317489039
8727344587
1507406427
9824051604
2499454030
2969410199
6614598139
4546331514
1452860476
5736814804
4319820336
0974384394
6444580329
9859843482
4859842847
5664205784
4201109601
1715627333
1918039718
5911204960
0662902590
8105358869
6456937878
7663888573
9226162823
0430183576
2342390950
9638524577
8104600833
8728240253
0695808804
4177352552
7431483003
7815610639
2497461996
8828405809
9422801740
5938887483
8334552821
9732844399
6644723525
6679690917
1011117249
5854405992
9441203550
5262129747
5881553073
3552207580
6416523313
5022011315
1051277204
5799028075
9346205296
7297972676
3142455208
6903859563
5261378966
7489567254
1616793419
5870644187
3442767591
3487725955
3637556445
5111810300
9317846220
3272295325
1381720355
9232567787
2846478260
4698785848
7316864563
5109505827
6234008985
5198914582
3363693712
7296965769
1188468868
6289328303
5805511023
2056019895
6587680426
7637209394
1737516454
4563385664
8093753479
0553627427
0991267997
1909852275
0274339059
6909432365
4599574122
0077441875
3038730287
5845282790
5937255230
7637949311
6953229067
1128786133
2347427026
5149329282
0407187470
3425709729
8654958576
4572996882
4307592217
0081158461
6308080614
0993417645
9880916626
0683814406
6571602060
5352919508
3787644151
3539143558
5863749497
2189998650
4623040043
0743975664
7036775177
5016483612
9946835489
6048807580
6264699769
4068653611
1195745593
9512473214
9911660099
9962867767
7184883595
2699271121
1011187365
4955049637
9758223731
5646591571
4720472692
0968348792
0465521459
9184315594
4058832683
2011808740
5083186556
1410100988
0838010485
7610663123
3207219774
4781260072
2947406471
5985482390
1138336417
8763525033
3759581957
3642265683
3455860263
0609445660
2609291626
3448907143
6230864078
8464793899
4107172280
6106009846
5050940542
8875711184
3727148065
9161475699
9940888109
9886216555
2189648534
4939810345
2330329496
7094016466
2872889586
9240357754
0062254875
9273224136
7815357771
3686329819
0275158745
1370101154
2426852025
3103180976
8449207522
2343226704
6235475423
3142284626
5440672750
4388172709
8557414914
4590150837
7007828623
9393875605
9792388260
1104619035
9190313806
7441974479
4375677169
1682242617
0500128191
9464125246
8404314262
1075859041
8640999826
1633525478
2686683676
8743553776
7487500807
3181939624
8853684723
4746673979
1635513965
2800366942
2442515191
2738361049
9835743428
6502705870
1009532774
3899454874
6110236262
9079863940
2177254832
2888750580
1964104710
8726478172
4086975165
2845494930
9952781299
8643330680
9404323456
1422517194
9092508480
2026407592
5434303971
0524456642
1193586077
7812143846
5831745480
3835387516
2898265887
2491683763
6878588924
6031279105
6247632145
3538207383
5390828675
8127706044
6042497337
2252512193
2848432205
5435280916
5112823276
8611468859
3223306962
1392322671
8352746507
2601407153
4850834762
4669228795
1532796868
0025440915
9618537808
4714017609
9970224350
5994392347
1055487204
8408258117
5349033722
3893440228
7037086908
5008897546
9118450057
2693207131
7081714869
5859421190
6459443172
7557967345
0805644169
0939597422
5721848030
1480239096
0288607080
5959023919
2643710269
8313376310
6603442874
0084511222
8395139970
1379213247
6731212340
4912590737
1720573935
7523063732
2839076128
0323177322
9958756820
4045962015
4768085515
1728063192
2011600938
4397025849
4236818905
7009766971
6579323043
8970387711
8737434794
9760241895
1265480846
1053880422
9201787392
0616218323
6604013825
5703161868
9787372150
2707099349
4132419050
9066503325
6084622052
3399387841
8269638628
7012340261
3135587119
8937490014
4657211809
2643076551
3537853489
9954678590
2179945001
4053222809
8639056875
6056392550
4452904693
5017001433
8364300483
5427288761
7351940837
5986791132
5136072445
7984383129
9956436317
9945774627
6836347276
0398670726
9867592605
0051201393
8928432500
6712123218
8256332636
2856356447
4978253859
3064256253
0159621876
4684484883
2052543877
0954322778
7322312006
8201916769
3315564185
7505975758
8265902479
6484906166
9210633318
0620611378
7348289581
3576953184
1194715427
2820141593
6288525859
4633002194
0526434533
1688363595
6704615154
2064585651
9028329410
3478890392
0102417077
5725474701
1983120749
4238155964
4396493302
0969256240
5206833916
6621517653
0522361134
7022128765
5937153659
5918806939
5922908195
2169048666
3725139247
1378164320
2627185174
8079946818
5476177177
9793232689
1616292213
9879543995
3584670173
0640755748
1947149706
3246768696
6834466348
3393886966
8201345323
5453757330
1068747942
0789339490
5760372797
6126581856
4971424474
4854981775
4536192099
3350221774
6428890242
9660390808
2408599392
5462090998
7682473561
8890102344
5130147446
5728706164
1663528221
1565434740
3511856750
2950610033
9462897402
4094354498
3962789360
0738945996
5857020618
1263041329
7921013067
1069760619
2782801904
0593096783
3682991449
3640643404
2650292921
0437117680
4837612783
2400596639
3808317275
5885140781
6555285116
9116258125
9221125589
2112930057
2221702328
4403831908
8890931419
4078800916
0378924373
3834300941
3053954883
8083030962
4201543083
1582301973
5897766502
0913832487
6649997388
2025291954
3509425485
0251765744
7610011553
4481148134
8422881620
4357962191
7318045334
9629726123
3911143778
5845146929
7981098506
7177690412
2619112854
6344076824
1280342542
4527238055
8428870889
7891603781
9069545361
6194321656
5971194059
0058519770
8032245705
4296582218
3671462084
4360441027
8006515177
4104962409
3467735528
9793529032
4599299789
1011413501
9241316796
4046670672
0679912275
0327119511
3121212407
2387657816
6194727194
2969608288
0170604050
9865713727
4329125556
1966783956
1517902385
2327644475
9908245423
3150262999
6300450790
8292415875
2037404332
4504592375
8055033150
7103872170
5023293350
9307289606
6648679972
9108797939
5148024866
8191742082
7315459709
6615831837
2607909447
6555517856
1628783377
1761951418
3699499034
6550033615
0884193046
3127138516
8208778362
8146511961
0447731133
8353196250
1020500182
7216740073
6228619757
7822189631
6970164612
5994157421
7319425307
3980086754
5049110373
6001145498
7441877125
6796291420
4217685815
3995448868
7370190660
8335423223
8293749543
7672261703
2273004197
0865605868
8945830148
7610856561
5836911812
9029304723
2336980219
5146651007
4985418799
6110851132
1223947151
9380787863
3988037205
2556445210
3804388969
3540364170
9240778318
4944817732
4684649766
0151299934
4498559709
9769907628
7909380968
1657736726
1733113233
4939762045
2130617467
7696365689
7976829938
4613933329
5054821065
2852927389
0848964030
4992571490
3482238940
6984098431
1840820195
7645561776
7826676437
0592893643
8994881344
6944464135
6342777709
4108487267
7151303306
1785993194
9561121529
2373324933
2572267681
1961479252
0830977789
3259879517
2869722357
7062717401
9442834104
0989800821
9259155538
8008086249
0577807941
4438024684
2481630440
1944349513
3376591834
9645190947
8574225401
4120156127
8418347509
3418400283
8610019697
2073591119
1159634502
3248888131
9150004790
9320398615
6667171613
1290528286
9427192152
8334479050
7635739250
6612868240
1998396361
0760805554
1151043333
9440762590
3887827050
7746869998
4890960373
1157977941
3856530222
9810043138
0384357167
4524785004
4491041609
5835886155
1696150699
7714742237
0808299386
0739194893
3202117319
5495456421
9447947091
1039386300
4627996146
2774424116
7328800019
0581924045
6503006451
6252081297
4068188303
2729050473
4107371726
2870993113
0184078996
6799621604
0399101117
6441422136
8021170940
5377655160
1560968685
0255519739
5414282914
2082154807
2262304347
4284942677
7480497470
2473879586
4726609966
5977144960
5319552960
9841356711
8774743155
5010312693
8892804074
9518472012
9076860885
1329915351
8488473935
9454417870
3522402184
2932869041
8804984413
8989361639
3409873209
8902360938
2432930953
3049997711
4887657721
2899109085
0544482289
5610008533
3890805770
5312516688
2578584348
2358031606
3594739998
5612385406
5779297025
9086488041
6079728677
1657386330
7685228693
0142777926
0389866904
9321104534
3528187313
4619706668
0927354247
6688252140
0390634520
6235100945
6338263561
5527717113
0517554951
9424840624
3288481975
6084388326
1860761378
8644423004
5426242849
2018129019
0853712856
2356834555
5442707044
2415934848
0267770563
2176607591
3726377575
9123721137
2996374124
4529385599
7474369201
4382306983
6579809171
2416779175
2942964080
8837579893
9972236516
2943004096
2507164124
4101816535
6900178671
6614646505
7058503786
2670812386
9885311152
2374539663
8552036283
3641897158
1719554559
8115842904
3889585779
2323062048
0252830700
5750730589
6354822747
8385228005
5966597503
8440458447
1501638342
0203652279
6787627040
8099677606
8671973560
0818653338
2068886827
0735672350
9020294197
0285928053
6891867200
9850997019
7672124339
2844612330
2448484589
3268966710
8559263792
0650677025
1421622635
2452238133
8446676353
7560707050
0219493948
0694515831
9357418796
6395497228
9812725700
8421212511
0625724454
5057431913
9744969773
4460835575
8111711393
0811240002
2834662744
4995004381
0531683614
5783540988
4483621721
2704762117
5289231752
7957761698
8961392286
5122054564
7913008473
2954092946
4009546117
0959050481
0191823730
3269828835
9303544294
4709095204
8466418417
8704922383
3612415341
2945158110
4532191400
3886700656
6695455041
1830678874
7006458132
8175210575
6542673084
2179543332
3780592638
9987062280
2262884814
2457339368
9988391696
4306674968
3508190293
5215404630
8258560114
3219216922
4436495127
6244155410
4333523464
5101290399
1582626386
3220220911
3037181546
0003840848
7287543048
6171818596
6340349533
7599073468
1223415855
4354724198
2171066822
6654128278
0595802658
2669213037
0067125213
2595467691
9831511575
6626294192
1017425054
7394046697
4428193319
8463425365
0855555792
2841214942
0340648929
8697185491
8870044523
0341991140
1386133886
0175358997
1505423927
3852075509
5283264011
4584866095
4292906317
9015240199
0478483155
2026952403
5386462739
4406559026
5906373457
7146987423
1726923952
1990652753
4695197391
3516480400
7323258947
1310591730
8989785828
4507094912
0722411999
0338543680
9279036942
5226682318
4234301092
5286447895
6886143152
2557614276
6045299274
5392335697
3427565983
5607771760
6932085882
2363434802
2875981909
4638769680
2408166249
8345228133
6529280667
6390402253
5998676530
7128353252
7714714418
4721174035
3371685755
9446580671
1322467072
4616778780
8582979537
8275693814
9796300680
8847569835
7462681538
3351385984
5589948648
5668486469
0426915386
7110620045
1318588923
5126295097
9782633414
6640520322
3983893130
4894315732
7515105464
4916625050
5896680063
0160937824
8319724410
1779180502
3142398153
8117182040
0936318438
4527659650
7458113144
1985078036
2050757754
6039035791
1729616772
4534475814
6057362873
2920046868
5014594878
1117485597
2887142474
0976754349
7973829674
8429343066
0020349511
4181024860
8476589875
0670744085
6333799720
5337927922
4638624317
3292592807
2494492260
4134161504
1210097565
4880926966
2284826367
6453520233
6172476824
4615980440
0793133769
2541722352
6376158069
8541536421
6809230582
6068618105
3332179228
7103582291
1393538172
3661883308
0334536588
9284822526
2096855300
2162690405
0992107415
6542714896
1532881500
5725837393
5693129359
3656210450
4131874079
3757719370
9796474620
1008190836
8906666216
3443454739
6443334747
9044852317
3121878281
4123487160
3199012335
2748461716
5682939271
4689279990
9911150485
0554825068
6030778717
9471164915
2269313347
4410468574
5622005062
8380711558
5980759451
4612885655
2198390170
8839217222
9805180878
2092777068
4611910540
1094113121
7926483827
5556564516
0988079871
8343135378
2458639179
9841620534
8135780479
5346601566
9666125625
5793116534
2047673976
8194587718
7082314608
5720450682
9636655022
0816051712
2849202388
2623946814
7570169536
8118129761
6084037364
4784628105
1082584774
2177782876
5834952516
1320169946
3385816246
8912233127
4069939091
1264154275
7435831423
2209523606
0860466740
1537178385
9308392979
0110331531
9943357100
3916038023
1092166586
5675525111
4181311000
7418930859
3007635340
4710454378
7229724181
1714630667
9214154956
6369772586
2388939359
2806190025
2548670612
9063322156
8659817965
8267392668
2131500537
8931891046
9653154815
7811821294
3841908524
5641334713
8452898551
3769018021
0160969514
9115095724
5913024608
2658400497
0875675894
1847048613
5469716320
3928335469
2908537235
1523891398
7812722113
6307468176
2072187622
4188412082
0219590722
5026172575
1473718967
5743082709
5889134005
9513618086
0250144586
6927287291
7950768832
1673922802
8385913037
7878236160
4549439857
3571590464
3800191807
7780068566
4040258389
3162860928
0529120910
4101715184
8725948813
5958708332
0289954030
6582775386
7214321741
7828804702
4285801927
0929555576
8364307659
8780837710
5805610599
8196870466
1049445531
5956488325
0991621359
1325213875
0212337176
4389073232
4937143389
3268715639
6977992327
3673945545
1435235334
1490278693
6763127077
0783721583
2987560835
2654336366
8795437641
9278482815
4757582492
0844428908
6492096480
4099960251
6116704240
3996406405
8993573058
9657196439
1099687814
9656940852
8851551565
3198459329
5151772227
6150345935
0072962155
9984837435
2403694807
0611301806
9213572146
9307148075
8612635175
2164714767
4733440757
9052838632
7465829499
3870727194
5428393142
4394067170
0888050998
6303358655
0454689051
2427372909
9636468353
4867827413
8248702409
3394491101
3391315460
7613133325
3650045338
2683231346
8843695107
1733326352
0860132295
4160603800
0083065874
5765415860
0387176939
8665668260
5356077789
6703603398
6540226203
7863787004
2730138024
7839224856
0360216056
2157773876
4120277879
1894379195
1783957516
6734421179
2172882942
3949702504
9200297941
2296965839
7447416469
8583655155
0484113061
4555051466
3089472429
2739094110
5072055585
1648773757
5107418640
8721963503
2923423129
8435522916
2871883086
3287934019
4762916124
5251768744
2557070322
0209889501
7557439877
5190370555
7794917026
4542875912
7496680199
1222167546
9567351228
0369133247
7262162609
3384849501
1758130185
4936954029
0524744702
6834512075
9339610224
0432576864
5699663687
9049821181
0552368733
4322350701
3523375363
7145518462
9106272287
9431004058
8091557098
1286271277
6505409010
1671096721
1450405224
3971891329
7611210268
6948358218
0441891995
7597746518
2734347983
8239562013
8210094336
1242893723
3468929769
2924780855
5214761262
3617350296
0697769783
8257252991
5080482885
9940792505
3082416519
8284426578
6478107766
5905582601
8378356175
1452187720
6589310074
1028454178
6685252756
7935684688
5651865947
9149824566
4448535008
3142996621
7832790695
0357015532
0130339382
6609201444
2423981740
4539393018
7910471721
6915888120
7161333521
9511717998
4742954308
6220316869
7886757865
9271283265
1941107652
3174215487
1999884861
1345837351
6862736513
3197854093
8270636310
9217082559
4924235071
2856965562
7903287526
2893253412
6821145838
8846034899
5959370905
3495560920
6948077955
3521261709
7953789289
8604757234
4358920516
4790503036
8623285763
3379159153
2588283386
6449095063
6131835408
7913816690
8240532147
0112652705
8582468962
2091050021
6411289257
0345783439
7354110435
1993529232
3931555335
3797537744
1027875455
7485240140
7365512692
3129964084
8860695918
8222602186
5925369423
2209516842
0886385554
6851040472
7298121319
9496857027
9839772936
1160413928
6105721738
0149112845
9192469071
7254040789
8445164627
2168691623
7739146096
0046471565
3000520095
5454052975
8903196674
2047625947
6464586165
6045086903
7032239937
3314837336
7824852430
3685577587
5816840800
4756904721
1291716883
8264475180
8385626987
7224894048
4655416195
5058593660
6375538757
5389952467
5200576153
9349344345
0417402565
3695222995
9575044815
0395690576
5711941452
3599048057
0570400095
9060593217
6390247289
0582245037
2954256520
3904573404
2928118650
6783313765
5663836817
0600818029
0607493249
8265794221
8148218727
9359016155
9695515934
2436379519
1955051015
1355490402
8735948900
0694957512
5267283032
9725016412
2020520248
4600094856
2462826531
0485881920
7258216936
5080469051
3253288155
4571506198
8567091918
7794438023
1243217558
5595224970
2652839405
7597972735
9578321805
3978761284
6391281792
5765234652
5563838646
1010831395
4858835009
8378620601
3104294666
7549682658
1814999766
5809473591
3840431308
6428096608
7568923336
1691213434
9996350315
3303463058
2412268174
9646907115
4061483707
1832275433
3567827282
5316806215
1776092187
7272004659
5499993461
3796437494
3977009657
9414321345
3708308959
3496036151
0711830870
3701428784
3566346557
4294350978
5414962383
2803162507
3721180875
0942522753
7490373911
7446941908
6523515245
0074636940
8231957474
7120903379
5470642671
3209363105
5126334523
7510642920
3108058511
3922742065
1755110058
7658929101
4058194122
6549622041
5926921264
9378042319
8075394411
5174183823
6612933813
1551350434
6753472651
4298402272
2606976598
3908431809
0762089990
4546364110
3041027021
7613234331
2542646815
1047741045
7312529703
3309289682
6337599488
3221347854
4468226535
6981500970
4525930939
5052509667
6574463414
4505892083
7189961736
6444436979
2852338333
3023185408
1296986433
8654094348
2948135100
5747734486
7751558396
0503438158
2348331225
2432798921
5624306039
6976202972
0973214007
3340580520
7691494522
8887041931
0071068962
0060150689
5083735896
4843120155
1420559800
0404450314
1584133805
2120626810
5704686876
9684508741
4400958104
9467884165
9523997864
0939460066
6781120103
8305915332
9801558950
1252237195
8218267604
2130329468
4424986885
4466745378
7376020806
9754509704
0972838079
9408796484
4740522456
8786032203
3567176637
3705187085
4371479599
6954278183
5801633729
2749598402
0484211036
0725881111
2807227256
0471845622
3213049104
2039732839
1454509262
3290358337
6369908068
4494107110
8336090303
9037728609
7130797136
8518854004
9431558978
7849030165
2132042887
1428575672
3586468385
1032796638
0491559133
8340146023
3289495421
8009158031
8474283161
8348088589
5128931849
3139680754
1507321761
5945076434
7608739758
6078585772
5691387767
7107822727
2145150513
5731358318
6727989670
4351023405
9651971712
5938850854
2711833248
8383134474
2498044438
0005801313
6070165813
7475299178
0831755372
2227547732
7984400241
3151331239
5147149894
8313225887
3579266355
5687029160
3994949925
4432797994
7432177474
3751392005
1004582742
1393276203
9585676599
1685954968
1217754216
7674821739
1840164413
3396755146
9589780175
8216692973
5342845207
6487993003
9705897790
0198728037
5410929637
8941146757
2134142047
6497565411
3163024605
5297925486
1065775367
7222503152
4433308077
7103837519
8323247883
4992239372
7882179990
3806015236
1401260210
9681221110
3281101004
1672205347
2993010083
3387169568
5274129571
4648912538
2375394200
2195828394
9545888418
8207048468
5906642360
3352624536
9518244968
8977977627
2479256291
8614258983
7347943564
1177345997
0522005216
0181549356
8335056869
6109776542
7988070078
7097187545
7471807178
8138595274
9981422639
9066889053
4152061202
7053324755
3118226508
2330330136
7035756942
7821153818
8590712629
0846697354
7759675886
7195297072
4295795895
2189779386
8444339832
9037380613
0498402318
9820431351
7024287535
7745202199
7809715245
2674509870
1674881465
3929750608
6612712443
8410793702
9543186444
7590019234
8616648778
3092831349
3063225046
0805546167
8557054334
3549112011
8050924533
1531866808
7611959264
5590455937
8838127041
3882187010
7065256725
5925949746
0285981385
9941016257
9491169914
7166019790
4946079345
4460050573
8347871162
0505638252
0530769958
9831846373
5412839766
2801175854
5109472767
6248819300
2806186408
6522725705
1663078659
6934726803
1343251106
6939318769
6014126346
6772155718
5715828848
1732278937
7431916614
3885663594
9547221938
5560956549
2707698938
8907011898
8443785750
0433797291
6774929473
2028086012
5900738382
3609345797
5995386689
6069565781
0007676068
2656341134
4542202674
1387752174
8625879226
4773654080
0029308073
9659392453
6320619779
2580894737
6207731146
5575382230
0924691240
6144247721
2042109418
1074784284
2903458308
5156493299
2691818436
8399236337
4372056125
3762865922
0575524717
7682823877
9651095849
2680248946
3801633318
0908921316
9603662391
7205701592
5377282688
2544347848
9462901954
6717768581
7456571287
9524315498
0791696044
1330663970
0570762412
7431619467
5280924248
2904746494
2762188372
7634511592
4522588637
9479820371
4343204028
5834365979
8351290249
